aed = 3.673032
afn = 78.349461
all = 110.27988
amd = 476.340437
ang = 1.765103
aoa = 365.415005
ars = 55.983956
aud = 1.466203
awg = 1.799
azn = 1.705036
bam = 1.76925
bbd = 2.01945
bdt = 84.429951
bgn = 1.771798
bhd = 0.377035
bif = 1860
bmd = 1
bnd = 1.35055
bob = 6.90435
brl = 4.090697
bsd = 0.99915
btc = 9.471526696445147e-05
btn = 71.809496
bwp = 10.932999
byn = 2.10975
byr = 19600
bzd = 2.016035
cad = 1.32362
cdf = 1664.999882
chf = 0.986802
clf = 0.02596
clp = 716.398647
cny = 7.148597
cop = 3376.6
crc = 576.574961
cuc = 1
cup = 26.5
cve = 100.429815
czk = 23.395102
djf = 177.71979
dkk = 6.75703
dop = 51.39496
dzd = 120.070168
egp = 16.50857
ern = 14.99972
etb = 29.589473
eth = 0.005816997266011285
eur = 0.905705
fjd = 2.18475
fkp = 0.813021
gbp = 0.81089
gel = 2.960288
ggp = 0.810855
ghs = 5.46999
gip = 0.812979
gmd = 50.414968
gnf = 9229.999816
gtq = 7.6888
gyd = 208.694991
hkd = 7.83825
hnl = 24.71976
hrk = 6.706043
htg = 95.897499
huf = 298.640119
idr = 14115.25
ils = 3.516503
imp = 0.810855
inr = 71.863098
iqd = 1190
irr = 42104.99992
isk = 126.169848
jep = 0.810855
jmd = 135.780277
jod = 0.708958
jpy = 106.962974
kes = 103.849551
kgs = 69.849804
khr = 4091.000341
kmf = 444.725002
kpw = 900.011401
krw = 1198.169776
kwd = 0.303802
kyd = 0.83343
kzt = 388.160026
lak = 8795.000105
lbp = 1509.349952
lkr = 180.759857
lrd = 206.999811
lsl = 14.839815
ltl = 2.95274
lvl = 0.60489
lyd = 1.415012
mad = 9.6445
mdl = 17.922988
mga = 3724.999832
mkd = 55.573031
mmk = 1540.296301
mnt = 2669.526329
mop = 8.0756
mro = 357.000024
mur = 36.149888
mvr = 15.380041
mwk = 725.495013
mxn = 19.690703
myr = 4.191604
mzn = 61.550104
nad = 14.824998
ngn = 362.50015
nio = 33.502967
nok = 8.993685
npr = 114.905013
nzd = 1.56892
omr = 0.384979
pab = 0.99925
pen = 3.36355
pgk = 3.40355
php = 52.018948
pkr = 156.692461
pln = 3.92835
pyg = 6248.471922
qar = 3.641018
ron = 4.2855
rsd = 106.489667
rub = 66.102105
rwf = 921
sar = 3.752097
sbd = 8.212299
scr = 13.691966
sdg = 45.119755
sek = 9.682175
sgd = 1.38424
shp = 1.320898
sll = 9500.000168
sos = 580.000084
srd = 7.457987
std = 21560.79
svc = 8.752101
syp = 514.999892
szl = 14.824984
thb = 30.690219
tjs = 9.68925
tmt = 3.5
tnd = 2.86695
top = 2.320798
try = 5.695596
ttd = 6.77055
twd = 31.247502
tzs = 2298.000398
uah = 25.209001
ugx = 3678.601759
usd = 1
uyu = 36.710066
uzs = 9399.999719
vef = 9.987504
vnd = 23198.5
vuv = 117.673291
wst = 2.673063
xaf = 593.359958
xag = 0.053363
xau = 0.000659
xcd = 2.70255
xdr = 0.73045
xof = 597.000347
xpf = 108.149562
xrp = 3.9169604386995687
yer = 250.300135
zar = 14.86265
zmk = 9001.19767
zmw = 13.148028
zwl = 322.000001
