aed = 3.673042
afn = 76.850404
all = 115.603989
amd = 498.430403
ang = 1.790276
aoa = 536.680403
ars = 64.17236
aud = 1.622041
awg = 1.8
azn = 1.70397
bam = 1.777292
bbd = 2.017002
bdt = 84.85235
bgn = 1.759065
bhd = 0.376686
bif = 1895
bmd = 1
bnd = 1.433861
bob = 6.88597
brl = 5.100504
bsd = 1.000141
btc = 0.0001586062947666267
btn = 75.21057
bwp = 11.850098
byn = 2.581185
byr = 19600
bzd = 2.000264
cad = 1.40235
cdf = 1711.000362
chf = 0.951265
clf = 0.030102
clp = 830.603912
cny = 7.096404
cop = 4025
crc = 577.83371
cuc = 1
cup = 26.5
cve = 101.050394
czk = 24.588304
djf = 177.720394
dkk = 6.701104
dop = 54.150393
dzd = 123.70152
egp = 15.703093
ern = 15.000358
etb = 32.850392
eth = 0.007593591009188245
eur = 0.895375
fjd = 2.303871
fkp = 0.80292
gbp = 0.80289
gel = 3.31504
ggp = 0.80292
ghs = 5.75504
gip = 0.80292
gmd = 50.903853
gnf = 9412.503851
gtq = 7.787143
gyd = 208.615604
hkd = 7.75135
hnl = 24.980389
hrk = 6.831104
htg = 94.94345
huf = 320.080388
idr = 16140
ils = 3.56555
imp = 0.80292
inr = 75.47204
iqd = 1190.5
irr = 42105.000352
isk = 138.460386
jep = 0.80292
jmd = 134.96085
jod = 0.70904
jpy = 107.91504
kes = 104.490385
kgs = 80.201504
khr = 4061.000351
kmf = 447.950384
kpw = 900
krw = 1212.740384
kwd = 0.313104
kyd = 0.833481
kzt = 446.10037
lak = 8942.000349
lbp = 1512.394604
lkr = 188.27739
lrd = 197.103775
lsl = 17.640382
ltl = 2.95274
lvl = 0.60489
lyd = 1.430381
mad = 9.857504
mdl = 18.104823
mga = 3722.000347
mkd = 56.063683
mmk = 1401.203904
mnt = 2778.327718
mop = 7.984788
mro = 357.000307
mur = 39.503743
mvr = 15.403741
mwk = 737.503739
mxn = 23.391039
myr = 4.327604
mzn = 66.610377
nad = 17.640377
ngn = 367.000344
nio = 34.120377
nok = 10.497039
npr = 120.33567
nzd = 1.65563
omr = 0.385204
pab = 1.000132
pen = 3.416039
pgk = 3.420504
php = 51.123039
pkr = 165.503704
pln = 4.07375
pyg = 6574.916704
qar = 3.640504
ron = 4.341304
rsd = 105.395038
rub = 78.772504
rwf = 937.5
sar = 3.755736
sbd = 8.267992
scr = 13.717104
sdg = 55.325038
sek = 9.899904
sgd = 1.427804
shp = 0.80292
sll = 9730.000339
sos = 588.000338
srd = 7.458038
std = 22052.77227
svc = 8.750925
syp = 514.450687
szl = 17.64037
thb = 32.49037
tjs = 10.196602
tmt = 3.5
tnd = 2.865504
top = 2.350369
try = 6.455038
ttd = 6.75772
twd = 30.182038
tzs = 2310.303635
uah = 27.999404
ugx = 3812.548504
usd = 1
uyu = 43.531085
uzs = 9525.000335
vef = 9.987504
vnd = 23245.5
vuv = 123.57941
wst = 2.835286
xaf = 596.083404
xag = 0.069223
xau = 0.000617
xcd = 2.70255
xdr = 0.734885
xof = 601.503602
xpf = 108.8036
xrp = 5.827505827505828
yer = 250.303597
zar = 17.630904
zmk = 9001.203593
zmw = 17.877605
zwl = 322.000001
