aed = 3.673197
afn = 78.549751
all = 111.450151
amd = 478.019786
ang = 1.715428
aoa = 476.255499
ars = 59.987902
aud = 1.467804
awg = 1.8
azn = 1.699323
bam = 1.764791
bbd = 2.019637
bdt = 84.91679
bgn = 1.762965
bhd = 0.377088
bif = 1875
bmd = 1
bnd = 1.359961
bob = 6.91676
brl = 4.143801
bsd = 1.000253
btc = 0.0001375572582087294
btn = 70.94439
bwp = 10.860737
byn = 2.11243
byr = 19600
bzd = 2.015971
cad = 1.32322
cdf = 1680.000142
chf = 0.98523
clf = 0.028235
clp = 779.09708
cny = 7.034399
cop = 3422.13
crc = 568.45829
cuc = 1
cup = 26.5
cve = 99.950251
czk = 22.998102
djf = 177.720195
dkk = 6.73719
dop = 53.150005
dzd = 119.674988
egp = 16.159399
ern = 15.000095
etb = 31.596998
eth = 0.00683900971139379
eur = 0.90152
fjd = 2.19725
fkp = 0.81288
gbp = 0.759105
gel = 2.919843
ggp = 0.759031
ghs = 5.68982
gip = 0.81288
gmd = 51.250283
gnf = 9424.999923
gtq = 7.672003
gyd = 209.26434
hkd = 7.82685
hnl = 24.750093
hrk = 6.704558
htg = 97.17449
huf = 298.479804
idr = 13996.5
ils = 3.475102
imp = 0.759031
inr = 70.870019
iqd = 1190
irr = 42105.000101
isk = 121.579573
jep = 0.759031
jmd = 140.55936
jod = 0.709025
jpy = 108.6835
kes = 101.499353
kgs = 69.848801
khr = 4069.497935
kmf = 444.574994
kpw = 900.01539
krw = 1192.070136
kwd = 0.30367
kyd = 0.833574
kzt = 386.73056
lak = 8883.999771
lbp = 1513.000147
lkr = 181.17162
lrd = 188.750456
lsl = 14.680438
ltl = 2.95274
lvl = 0.60489
lyd = 1.405001
mad = 9.659498
mdl = 17.352402
mga = 3615.000249
mkd = 55.547029
mmk = 1507.387604
mnt = 2735.771172
mop = 8.062755
mro = 356.999516
mur = 36.653084
mvr = 15.449643
mwk = 725.000116
mxn = 19.22185
myr = 4.161497
mzn = 63.879967
nad = 14.680245
ngn = 361.520298
nio = 34.000233
nok = 9.16571
npr = 113.51117
nzd = 1.52821
omr = 0.384984
pab = 1.000253
pen = 3.386501
pgk = 3.394971
php = 50.725498
pkr = 155.099811
pln = 3.86555
pyg = 6431.613902
qar = 3.64075
ron = 4.3098
rsd = 105.945048
rub = 63.543402
rwf = 920
sar = 3.75009
sbd = 8.271383
scr = 13.699383
sdg = 45.124491
sek = 9.50241
sgd = 1.35907
shp = 1.320897
sll = 9749.999711
sos = 578.999774
srd = 7.458002
std = 21560.79
svc = 8.751635
syp = 514.999813
szl = 14.680368
thb = 30.304195
tjs = 9.68559
tmt = 3.5
tnd = 2.8505
top = 2.304703
try = 5.801355
ttd = 6.763437
twd = 30.459779
tzs = 2298.586802
uah = 23.65829
ugx = 3683.555103
usd = 1
uyu = 37.724253
uzs = 9529.999878
vef = 9.987503
vnd = 23172.5
vuv = 116.892921
wst = 2.656077
xaf = 591.95484
xag = 0.060136
xau = 0.000683
xcd = 2.70255
xdr = 0.725372
xof = 593.000065
xpf = 108.150146
xrp = 4.49438202247191
yer = 250.349968
zar = 14.842802
zmk = 9001.201624
zmw = 15.43475
zwl = 322.000001
