aed = 3.672904
afn = 78.250404
all = 109.203989
amd = 479.503986
ang = 1.684943
aoa = 482.227041
ars = 59.82693
aud = 1.432255
awg = 1.8
azn = 1.70397
bam = 1.754414
bbd = 2.01899
bdt = 84.926204
bgn = 1.750504
bhd = 0.377041
bif = 1885
bmd = 1
bnd = 1.352511
bob = 6.904733
brl = 4.046632
bsd = 0.999987
btc = 0.0001354974993936487
btn = 71.38978
bwp = 10.604181
byn = 2.103507
byr = 19600
bzd = 2.015581
cad = 1.307755
cdf = 1685.000362
chf = 0.975076
clf = 0.027141
clp = 748.903912
cny = 6.995804
cop = 3300.25
crc = 568.15705
cuc = 1
cup = 26.5
cve = 99.130394
czk = 22.78065
djf = 177.720394
dkk = 6.681315
dop = 53.210393
dzd = 119.320393
egp = 16.040699
ern = 15.000358
etb = 32.080392
eth = 0.007413447994662318
eur = 0.894879
fjd = 2.15975
fkp = 0.81288
gbp = 0.764526
gel = 2.86504
ggp = 0.764478
ghs = 5.703858
gip = 0.81288
gmd = 51.28039
gnf = 9420.000355
gtq = 7.704686
gyd = 208.05246
hkd = 7.787775
hnl = 24.703841
hrk = 6.662904
htg = 95.05165
huf = 295.680388
idr = 13956.168
ils = 3.45834
imp = 0.764478
inr = 71.427504
iqd = 1190
irr = 42105.000352
isk = 121.520386
jep = 0.764478
jmd = 132.80948
jod = 0.709304
jpy = 109.477504
kes = 101.24815
kgs = 69.69704
khr = 4065.000351
kmf = 440.850384
kpw = 900.063869
krw = 1160.780384
kwd = 0.30345
kyd = 0.833322
kzt = 381.00833
lak = 8885.000349
lbp = 1510.043104
lkr = 181.44185
lrd = 187.875039
lsl = 14.030382
ltl = 2.95274
lvl = 0.60489
lyd = 1.405039
mad = 9.598039
mdl = 17.189374
mga = 3615.000347
mkd = 55.130676
mmk = 1485.933304
mnt = 2733.600098
mop = 8.019447
mro = 356.999834
mur = 36.551866
mvr = 15.450378
mwk = 737.503739
mxn = 18.846404
myr = 4.127504
mzn = 61.520377
nad = 14.030377
ngn = 362.503727
nio = 34.130377
nok = 8.819404
npr = 114.22343
nzd = 1.499924
omr = 0.384968
pab = 0.999987
pen = 3.315039
pgk = 3.395039
php = 50.767504
pkr = 154.850375
pln = 3.81265
pyg = 6485.291304
qar = 3.641038
ron = 4.281304
rsd = 105.180373
rub = 62.066404
rwf = 935
sar = 3.751985
sbd = 8.303902
scr = 13.700015
sdg = 45.11595
sek = 9.342135
sgd = 1.35218
shp = 1.320904
sll = 9787.503669
sos = 581.000338
srd = 7.458038
std = 21560.79
svc = 8.75033
syp = 515.000338
szl = 14.03037
thb = 30.157038
tjs = 9.695148
tmt = 3.51
tnd = 2.800504
top = 2.28945
try = 5.950204
ttd = 6.756367
twd = 30.098038
tzs = 2297.903635
uah = 23.689165
ugx = 3662.849804
usd = 1
uyu = 36.983715
uzs = 9520.000335
vef = 9.987504
vnd = 23172.5
vuv = 115.68
wst = 2.666687
xaf = 588.39987
xag = 0.056273
xau = 0.000662
xcd = 2.70255
xdr = 0.724554
xof = 589.503602
xpf = 107.250364
xrp = 5.078720162519045
yer = 250.350364
zar = 14.029785
zmk = 9001.203593
zmw = 13.874409
zwl = 322.000001
