aed = 3.673042
afn = 75.850404
all = 111.703989
amd = 478.603986
ang = 1.78922
aoa = 492.630403
ars = 62.122635
aud = 1.53219
awg = 1.8
azn = 1.70397
bam = 1.778213
bbd = 2.018157
bdt = 84.801404
bgn = 1.772365
bhd = 0.376956
bif = 1890
bmd = 1
bnd = 1.395256
bob = 6.911848
brl = 4.473054
bsd = 0.999577
btc = 0.00011580480867887559
btn = 72.20546
bwp = 11.174422
byn = 2.238507
byr = 19600
bzd = 2.014793
cad = 1.34159
cdf = 1696.000362
chf = 0.96463
clf = 0.029642
clp = 817.903912
cny = 6.991904
cop = 3500.31
crc = 569.61536
cuc = 1
cup = 26.5
cve = 100.903897
czk = 23.083604
djf = 177.720394
dkk = 6.775804
dop = 53.61504
dzd = 119.960393
egp = 15.630497
ern = 15.000358
etb = 32.350392
eth = 0.004536176003628941
eur = 0.906799
fjd = 2.217504
fkp = 0.779997
gbp = 0.77994
gel = 2.790391
ggp = 0.779997
ghs = 5.403858
gip = 0.779997
gmd = 51.05039
gnf = 9435.000355
gtq = 7.671486
gyd = 208.61651
hkd = 7.796504
hnl = 24.930389
hrk = 6.774878
htg = 88.36084
huf = 306.85104
idr = 14314
ils = 3.491975
imp = 0.779997
inr = 72.17504
iqd = 1190
irr = 42105.000352
isk = 126.690386
jep = 0.779997
jmd = 137.19104
jod = 0.708704
jpy = 108.120385
kes = 101.18972
kgs = 69.850385
khr = 4075.000351
kmf = 446.350384
kpw = 900.000003
krw = 1200.315039
kwd = 0.306039
kyd = 0.833004
kzt = 381.84166
lak = 8912.000349
lbp = 1513.000349
lkr = 181.86567
lrd = 197.675039
lsl = 15.610382
ltl = 2.95274
lvl = 0.60489
lyd = 1.410381
mad = 9.597504
mdl = 17.646663
mga = 3703.000347
mkd = 56.074299
mmk = 1430.836304
mnt = 2764.315367
mop = 8.024257
mro = 357.000035
mur = 37.695642
mvr = 15.510378
mwk = 737.503739
mxn = 19.616904
myr = 4.213504
mzn = 65.265039
nad = 15.610377
ngn = 365.503727
nio = 34.150377
nok = 9.396704
npr = 115.52676
nzd = 1.599832
omr = 0.384991
pab = 0.999577
pen = 3.454504
pgk = 3.405039
php = 50.963927
pkr = 154.303704
pln = 3.92962
pyg = 6523.073304
qar = 3.64125
ron = 4.366604
rsd = 106.935038
rub = 66.911104
rwf = 935
sar = 3.751717
sbd = 8.254337
scr = 13.282794
sdg = 54.703678
sek = 9.609404
sgd = 1.39333
shp = 0.779997
sll = 9715.000339
sos = 587.000338
srd = 7.458038
std = 21888.77818
svc = 8.746528
syp = 514.99882
szl = 15.61037
thb = 31.53037
tjs = 9.67751
tmt = 3.5
tnd = 2.847504
top = 2.318604
try = 6.242704
ttd = 6.758647
twd = 30.139038
tzs = 2298.903635
uah = 24.601068
ugx = 3708.340704
usd = 1
uyu = 38.597464
uzs = 9526.000335
vef = 9.987504
vnd = 23235.5
vuv = 119.002562
wst = 2.740488
xaf = 596.39232
xag = 0.059957
xau = 0.000631
xcd = 2.70255
xdr = 0.729719
xof = 597.000332
xpf = 108.450364
xrp = 4.334633723450368
yer = 250.350364
zar = 15.663695
zmk = 9001.203593
zmw = 15.067985
zwl = 322.000001
